version https://git-lfs.github.com/spec/v1
oid sha256:cd6658ece70e656a585eb743e21c94779d3e2e5245a5d727f388714c9db37e95
size 766146
